%YAML:1.0
calibration_time: "Sat Nov 21 17:39:09 2015"
nframes: 10
image_width: 640
image_height: 480
board_width: 9
board_height: 6
square_size: 2.3499999195337296e-02
flags: 0
camera_matrix: !!opencv-matrix
   rows: 3
   cols: 3
   dt: d
   data: [ 7.2199267165140020e+02, 0., 3.3437456997320896e+02, 0.,
       7.1973967596773014e+02, 2.3159315481959982e+02, 0., 0., 1. ]
distortion_coefficients: !!opencv-matrix
   rows: 5
   cols: 1
   dt: d
   data: [ -2.7800799132154799e-02, 9.9415186889883808e-02,
       -3.1440150080942861e-03, 1.1497848922161792e-03,
       1.7826716477873683e-01 ]
avg_reprojection_error: 4.2279382045046909e-01
per_view_reprojection_errors: !!opencv-matrix
   rows: 10
   cols: 1
   dt: f
   data: [ 1.51870728e-01, 2.22013652e-01, 7.16791391e-01,
       2.65980512e-01, 2.36781120e-01, 8.63606274e-01, 1.44244760e-01,
       4.54231352e-01, 2.47119367e-01, 2.01430142e-01 ]
extrinsic_parameters: !!opencv-matrix
   rows: 10
   cols: 6
   dt: d
   data: [ -7.1912511485871453e-02, 2.2846610189116733e-02,
       1.4280890873674203e-02, -1.1651175897829431e-01,
       -5.1459088428871633e-02, 3.6071584842316845e-01,
       -6.0462689752627558e-02, 2.0134684638154217e-02,
       1.6728168202113900e-02, -1.1616805603823040e-01,
       -5.3350728128886638e-02, 3.5180734000144581e-01,
       -6.1406673267595753e-02, 2.2811234419721063e-02,
       -1.4456023622044032e-03, -1.0941191563857725e-01,
       -6.0505811705650704e-02, 4.0354257775897318e-01,
       1.1469445882353754e-02, 2.1417399698229575e-02,
       -2.4779825168584516e-02, -1.1734551624550782e-01,
       -6.9710617499115404e-02, 4.0823540647341305e-01,
       -1.4822554379920048e-02, -5.5328161297255186e-02,
       -6.8766307721259759e-02, -1.6606008820267565e-01,
       -4.4803943943822880e-02, 4.0558705510277238e-01,
       1.5161116768984325e-02, 2.0459393275718992e-02,
       -2.3442858115082066e-02, -1.2205529058554813e-01,
       -6.3794843915402813e-02, 4.1503425231656726e-01,
       -1.1408476299967860e-02, 1.1618801541977507e-01,
       2.6448064556431148e-02, -6.5620007298915331e-02,
       -6.8911969503619844e-02, 4.2486540500454001e-01,
       -1.0897397816510447e-01, 1.2564552129088022e-01,
       2.1878467700393381e-04, -6.1053913867974478e-02,
       -3.7753853318562157e-03, 4.2920673532590964e-01,
       -9.4493068533437280e-02, 1.0612063009026743e-01,
       1.0625748519294586e-02, -6.6349107684614939e-02,
       -1.3102000174952446e-02, 4.2629478203010213e-01,
       -7.0613140637656668e-02, 7.3157598173600125e-02,
       -9.7273926776335025e-04, -8.7803162759820058e-02,
       -2.7504974970650298e-02, 4.1944827410114988e-01 ]
image_points: !!opencv-matrix
   rows: 10
   cols: 54
   dt: "2f"
   data: [ 1.01751381e+02, 1.28935501e+02, 1.48330750e+02,
       1.29465591e+02, 1.94863495e+02, 1.29841171e+02, 2.41887009e+02,
       1.30301392e+02, 2.89103943e+02, 1.30603561e+02, 3.36298157e+02,
       1.31242447e+02, 3.83804291e+02, 1.31567688e+02, 4.31442810e+02,
       1.32330963e+02, 4.79162354e+02, 1.32598480e+02, 9.98276596e+01,
       1.75323746e+02, 1.46666641e+02, 1.75942520e+02, 1.93550934e+02,
       1.76484558e+02, 2.40695297e+02, 1.76985611e+02, 2.88107697e+02,
       1.77513016e+02, 3.35449524e+02, 1.78171753e+02, 3.83363037e+02,
       1.78666382e+02, 4.30923248e+02, 1.79232101e+02, 4.79068695e+02,
       1.79810654e+02, 9.79865341e+01, 2.22102402e+02, 1.45210464e+02,
       2.22770248e+02, 1.92196472e+02, 2.23471603e+02, 2.39610977e+02,
       2.24006027e+02, 2.87149139e+02, 2.24594406e+02, 3.34826202e+02,
       2.25424194e+02, 3.82879944e+02, 2.25906296e+02, 4.30650726e+02,
       2.26660522e+02, 4.79051727e+02, 2.27301086e+02, 9.61918640e+01,
       2.69536377e+02, 1.43593506e+02, 2.70371399e+02, 1.90803406e+02,
       2.71000488e+02, 2.38457138e+02, 2.71710693e+02, 2.86224365e+02,
       2.72579407e+02, 3.34074921e+02, 2.73259521e+02, 3.82411285e+02,
       2.74061035e+02, 4.30375702e+02, 2.74639313e+02, 4.78950165e+02,
       2.75472931e+02, 9.44505463e+01, 3.17061401e+02, 1.42332367e+02,
       3.17840149e+02, 1.89537033e+02, 3.18740448e+02, 2.37465729e+02,
       3.19631470e+02, 2.85325623e+02, 3.20436554e+02, 3.33262512e+02,
       3.21300537e+02, 3.81897675e+02, 3.21966370e+02, 4.30135040e+02,
       3.22949951e+02, 4.78712219e+02, 3.23648987e+02, 9.30729980e+01,
       3.65196869e+02, 1.40620438e+02, 3.66067047e+02, 1.88356293e+02,
       3.66904449e+02, 2.36352936e+02, 3.67928741e+02, 2.84374817e+02,
       3.68838684e+02, 3.32574341e+02, 3.69746887e+02, 3.81326111e+02,
       3.70675171e+02, 4.29747101e+02, 3.71438446e+02, 4.78596313e+02,
       3.72592377e+02, 9.65927734e+01, 1.22363274e+02, 1.44345337e+02,
       1.23128151e+02, 1.91995132e+02, 1.23557877e+02, 2.40195618e+02,
       1.24171112e+02, 2.88393921e+02, 1.24675743e+02, 3.36769775e+02,
       1.25479355e+02, 3.85567566e+02, 1.26067917e+02, 4.34249420e+02,
       1.26930397e+02, 4.82891876e+02, 1.27369591e+02, 9.46225052e+01,
       1.69835876e+02, 1.42647202e+02, 1.70661621e+02, 1.90592514e+02,
       1.71452271e+02, 2.39054932e+02, 1.72052734e+02, 2.87428955e+02,
       1.72782425e+02, 3.35980804e+02, 1.73569672e+02, 3.85127625e+02,
       1.74332123e+02, 4.33659363e+02, 1.74935471e+02, 4.82878296e+02,
       1.75879837e+02, 9.29012146e+01, 2.17802933e+02, 1.41253922e+02,
       2.18714676e+02, 1.89366989e+02, 2.19622604e+02, 2.37951157e+02,
       2.20404922e+02, 2.86452545e+02, 2.21159927e+02, 3.35336121e+02,
       2.22091995e+02, 3.84503876e+02, 2.22727341e+02, 4.33453033e+02,
       2.23611633e+02, 4.82712250e+02, 2.24258957e+02, 9.10630188e+01,
       2.66474762e+02, 1.39614029e+02, 2.67411346e+02, 1.87946381e+02,
       2.68350616e+02, 2.36724670e+02, 2.69279785e+02, 2.85555939e+02,
       2.70189484e+02, 3.34517731e+02, 2.71071442e+02, 3.83752716e+02,
       2.71905701e+02, 4.32865662e+02, 2.72718384e+02, 4.82581360e+02,
       2.73850800e+02, 8.94554672e+01, 3.15173798e+02, 1.38261734e+02,
       3.16103577e+02, 1.86620682e+02, 3.17198090e+02, 2.35663330e+02,
       3.18146606e+02, 2.84619324e+02, 3.19107666e+02, 3.33743347e+02,
       3.20141022e+02, 3.83320587e+02, 3.21026093e+02, 4.32587677e+02,
       3.22222534e+02, 4.82196625e+02, 3.23033936e+02, 8.79668579e+01,
       3.64250153e+02, 1.36741745e+02, 3.65337860e+02, 1.85428375e+02,
       3.66435608e+02, 2.34581757e+02, 3.67517609e+02, 2.83695313e+02,
       3.68688782e+02, 3.32895050e+02, 3.69680420e+02, 3.82609009e+02,
       3.70775024e+02, 4.32131927e+02, 3.71595276e+02, 4.81911255e+02,
       3.72891968e+02, 1.38350327e+02, 1.24551109e+02, 1.80171783e+02,
       1.24309013e+02, 2.21871765e+02, 1.23736191e+02, 2.64159210e+02,
       1.23838333e+02, 3.06439545e+02, 1.22963188e+02, 3.48837982e+02,
       1.23216354e+02, 3.91767944e+02, 1.22544502e+02, 4.34423187e+02,
       1.22793976e+02, 4.77405304e+02, 1.21783333e+02, 1.37631653e+02,
       1.65756149e+02, 1.79619736e+02, 1.65271683e+02, 2.21543564e+02,
       1.65794220e+02, 2.63989349e+02, 1.64860229e+02, 3.06411713e+02,
       1.65115082e+02, 3.48893860e+02, 1.64564728e+02, 3.92024719e+02,
       1.64498993e+02, 4.34682068e+02, 1.64128571e+02, 4.77659027e+02,
       1.64251144e+02, 1.37215012e+02, 2.06820816e+02, 1.79284943e+02,
       2.07432938e+02, 2.21423981e+02, 2.06640457e+02, 2.63807373e+02,
       2.07000763e+02, 3.06386383e+02, 2.06376678e+02, 3.48973602e+02,
       2.07046753e+02, 3.92160706e+02, 2.05892410e+02, 4.34882050e+02,
       2.06925903e+02, 4.78387695e+02, 2.06043015e+02, 1.36522842e+02,
       2.49312073e+02, 1.79042328e+02, 2.49225571e+02, 2.21175858e+02,
       2.49279083e+02, 2.63634766e+02, 2.49117279e+02, 3.06351501e+02,
       2.49632065e+02, 3.49145844e+02, 2.48742294e+02, 3.92229462e+02,
       2.49334442e+02, 4.35302307e+02, 2.48718124e+02, 4.78564880e+02,
       2.49319901e+02, 1.36374359e+02, 2.91003906e+02, 1.78669586e+02,
       2.91020355e+02, 2.20878708e+02, 2.90898285e+02, 2.63651550e+02,
