%YAML:1.0
aruco_bc_dict: ARTOOLKITPLUSBCH
aruco_bc_nmarkers: 12
aruco_bc_mInfoType: 0
aruco_bc_markers:
   - { id:216, corners:[ [ -1150., -350., 0. ], [ -650., -350., 0. ], [
       -650., -850., 0. ], [ -1150., -850., 0. ] ] }
   - { id:217, corners:[ [ -550., -350., 0. ], [ -50., -350., 0. ], [
       -50., -850., 0. ], [ -550., -850., 0. ] ] }
   - { id:218, corners:[ [ 50., -350., 0. ], [ 550., -350., 0. ], [ 550.,
       -850., 0. ], [ 50., -850., 0. ] ] }
   - { id:219, corners:[ [ 650., -350., 0. ], [ 1150., -350., 0. ], [
       1150., -850., 0. ], [ 650., -850., 0. ] ] }
   - { id:220, corners:[ [ -1150., 250., 0. ], [ -650., 250., 0. ], [
       -650., -250., 0. ], [ -1150., -250., 0. ] ] }
   - { id:221, corners:[ [ -550., 250., 0. ], [ -50., 250., 0. ], [ -50.,
       -250., 0. ], [ -550., -250., 0. ] ] }
   - { id:222, corners:[ [ 50., 250., 0. ], [ 550., 250., 0. ], [ 550.,
       -250., 0. ], [ 50., -250., 0. ] ] }
   - { id:223, corners:[ [ 650., 250., 0. ], [ 1150., 250., 0. ], [
       1150., -250., 0. ], [ 650., -250., 0. ] ] }
   - { id:224, corners:[ [ -1150., 850., 0. ], [ -650., 850., 0. ], [
       -650., 350., 0. ], [ -1150., 350., 0. ] ] }
   - { id:225, corners:[ [ -550., 850., 0. ], [ -50., 850., 0. ], [ -50.,
       350., 0. ], [ -550., 350., 0. ] ] }
   - { id:226, corners:[ [ 50., 850., 0. ], [ 550., 850., 0. ], [ 550.,
       350., 0. ], [ 50., 350., 0. ] ] }
   - { id:227, corners:[ [ 650., 850., 0. ], [ 1150., 850., 0. ], [
       1150., 350., 0. ], [ 650., 350., 0. ] ] }
