%YAML:1.0
aruco_bc_dict: ARTOOLKITPLUSBCH
aruco_bc_nmarkers: 12
aruco_bc_mInfoType: 0
aruco_bc_markers:
   - { id:72, corners:[ [ -1150., -350., 0. ], [ -650., -350., 0. ], [
       -650., -850., 0. ], [ -1150., -850., 0. ] ] }
   - { id:73, corners:[ [ -550., -350., 0. ], [ -50., -350., 0. ], [
       -50., -850., 0. ], [ -550., -850., 0. ] ] }
   - { id:74, corners:[ [ 50., -350., 0. ], [ 550., -350., 0. ], [ 550.,
       -850., 0. ], [ 50., -850., 0. ] ] }
   - { id:75, corners:[ [ 650., -350., 0. ], [ 1150., -350., 0. ], [
       1150., -850., 0. ], [ 650., -850., 0. ] ] }
   - { id:76, corners:[ [ -1150., 250., 0. ], [ -650., 250., 0. ], [
       -650., -250., 0. ], [ -1150., -250., 0. ] ] }
   - { id:77, corners:[ [ -550., 250., 0. ], [ -50., 250., 0. ], [ -50.,
       -250., 0. ], [ -550., -250., 0. ] ] }
   - { id:78, corners:[ [ 50., 250., 0. ], [ 550., 250., 0. ], [ 550.,
       -250., 0. ], [ 50., -250., 0. ] ] }
   - { id:79, corners:[ [ 650., 250., 0. ], [ 1150., 250., 0. ], [ 1150.,
       -250., 0. ], [ 650., -250., 0. ] ] }
   - { id:80, corners:[ [ -1150., 850., 0. ], [ -650., 850., 0. ], [
       -650., 350., 0. ], [ -1150., 350., 0. ] ] }
   - { id:81, corners:[ [ -550., 850., 0. ], [ -50., 850., 0. ], [ -50.,
       350., 0. ], [ -550., 350., 0. ] ] }
   - { id:82, corners:[ [ 50., 850., 0. ], [ 550., 850., 0. ], [ 550.,
       350., 0. ], [ 50., 350., 0. ] ] }
   - { id:83, corners:[ [ 650., 850., 0. ], [ 1150., 850., 0. ], [ 1150.,
       350., 0. ], [ 650., 350., 0. ] ] }
