%YAML:1.0
aruco_bc_dict: ARTOOLKITPLUSBCH
aruco_bc_nmarkers: 12
aruco_bc_mInfoType: 0
aruco_bc_markers:
   - { id:12, corners:[ [ -1150., -350., 0. ], [ -650., -350., 0. ], [
       -650., -850., 0. ], [ -1150., -850., 0. ] ] }
   - { id:13, corners:[ [ -550., -350., 0. ], [ -50., -350., 0. ], [
       -50., -850., 0. ], [ -550., -850., 0. ] ] }
   - { id:14, corners:[ [ 50., -350., 0. ], [ 550., -350., 0. ], [ 550.,
       -850., 0. ], [ 50., -850., 0. ] ] }
   - { id:15, corners:[ [ 650., -350., 0. ], [ 1150., -350., 0. ], [
       1150., -850., 0. ], [ 650., -850., 0. ] ] }
   - { id:16, corners:[ [ -1150., 250., 0. ], [ -650., 250., 0. ], [
       -650., -250., 0. ], [ -1150., -250., 0. ] ] }
   - { id:17, corners:[ [ -550., 250., 0. ], [ -50., 250., 0. ], [ -50.,
       -250., 0. ], [ -550., -250., 0. ] ] }
   - { id:18, corners:[ [ 50., 250., 0. ], [ 550., 250., 0. ], [ 550.,
       -250., 0. ], [ 50., -250., 0. ] ] }
   - { id:19, corners:[ [ 650., 250., 0. ], [ 1150., 250., 0. ], [ 1150.,
       -250., 0. ], [ 650., -250., 0. ] ] }
   - { id:20, corners:[ [ -1150., 850., 0. ], [ -650., 850., 0. ], [
       -650., 350., 0. ], [ -1150., 350., 0. ] ] }
   - { id:21, corners:[ [ -550., 850., 0. ], [ -50., 850., 0. ], [ -50.,
       350., 0. ], [ -550., 350., 0. ] ] }
   - { id:22, corners:[ [ 50., 850., 0. ], [ 550., 850., 0. ], [ 550.,
       350., 0. ], [ 50., 350., 0. ] ] }
   - { id:23, corners:[ [ 650., 850., 0. ], [ 1150., 850., 0. ], [ 1150.,
       350., 0. ], [ 650., 350., 0. ] ] }
