%YAML:1.0
aruco_bc_dict: ARTOOLKITPLUSBCH
aruco_bc_nmarkers: 12
aruco_bc_mInfoType: 0
aruco_bc_markers:
   - { id:168, corners:[ [ -1150., -350., 0. ], [ -650., -350., 0. ], [
       -650., -850., 0. ], [ -1150., -850., 0. ] ] }
   - { id:169, corners:[ [ -550., -350., 0. ], [ -50., -350., 0. ], [
       -50., -850., 0. ], [ -550., -850., 0. ] ] }
   - { id:170, corners:[ [ 50., -350., 0. ], [ 550., -350., 0. ], [ 550.,
       -850., 0. ], [ 50., -850., 0. ] ] }
   - { id:171, corners:[ [ 650., -350., 0. ], [ 1150., -350., 0. ], [
       1150., -850., 0. ], [ 650., -850., 0. ] ] }
   - { id:172, corners:[ [ -1150., 250., 0. ], [ -650., 250., 0. ], [
       -650., -250., 0. ], [ -1150., -250., 0. ] ] }
   - { id:173, corners:[ [ -550., 250., 0. ], [ -50., 250., 0. ], [ -50.,
       -250., 0. ], [ -550., -250., 0. ] ] }
   - { id:174, corners:[ [ 50., 250., 0. ], [ 550., 250., 0. ], [ 550.,
       -250., 0. ], [ 50., -250., 0. ] ] }
   - { id:175, corners:[ [ 650., 250., 0. ], [ 1150., 250., 0. ], [
       1150., -250., 0. ], [ 650., -250., 0. ] ] }
   - { id:176, corners:[ [ -1150., 850., 0. ], [ -650., 850., 0. ], [
       -650., 350., 0. ], [ -1150., 350., 0. ] ] }
   - { id:177, corners:[ [ -550., 850., 0. ], [ -50., 850., 0. ], [ -50.,
       350., 0. ], [ -550., 350., 0. ] ] }
   - { id:178, corners:[ [ 50., 850., 0. ], [ 550., 850., 0. ], [ 550.,
       350., 0. ], [ 50., 350., 0. ] ] }
   - { id:179, corners:[ [ 650., 850., 0. ], [ 1150., 850., 0. ], [
       1150., 350., 0. ], [ 650., 350., 0. ] ] }
