%YAML:1.0
aruco_bc_dict: ARTOOLKITPLUSBCH
aruco_bc_nmarkers: 12
aruco_bc_mInfoType: 0
aruco_bc_markers:
   - { id:60, corners:[ [ -1150., -350., 0. ], [ -650., -350., 0. ], [
       -650., -850., 0. ], [ -1150., -850., 0. ] ] }
   - { id:61, corners:[ [ -550., -350., 0. ], [ -50., -350., 0. ], [
       -50., -850., 0. ], [ -550., -850., 0. ] ] }
   - { id:62, corners:[ [ 50., -350., 0. ], [ 550., -350., 0. ], [ 550.,
       -850., 0. ], [ 50., -850., 0. ] ] }
   - { id:63, corners:[ [ 650., -350., 0. ], [ 1150., -350., 0. ], [
       1150., -850., 0. ], [ 650., -850., 0. ] ] }
   - { id:64, corners:[ [ -1150., 250., 0. ], [ -650., 250., 0. ], [
       -650., -250., 0. ], [ -1150., -250., 0. ] ] }
   - { id:65, corners:[ [ -550., 250., 0. ], [ -50., 250., 0. ], [ -50.,
       -250., 0. ], [ -550., -250., 0. ] ] }
   - { id:66, corners:[ [ 50., 250., 0. ], [ 550., 250., 0. ], [ 550.,
       -250., 0. ], [ 50., -250., 0. ] ] }
   - { id:67, corners:[ [ 650., 250., 0. ], [ 1150., 250., 0. ], [ 1150.,
       -250., 0. ], [ 650., -250., 0. ] ] }
   - { id:68, corners:[ [ -1150., 850., 0. ], [ -650., 850., 0. ], [
       -650., 350., 0. ], [ -1150., 350., 0. ] ] }
   - { id:69, corners:[ [ -550., 850., 0. ], [ -50., 850., 0. ], [ -50.,
       350., 0. ], [ -550., 350., 0. ] ] }
   - { id:70, corners:[ [ 50., 850., 0. ], [ 550., 850., 0. ], [ 550.,
       350., 0. ], [ 50., 350., 0. ] ] }
   - { id:71, corners:[ [ 650., 850., 0. ], [ 1150., 850., 0. ], [ 1150.,
       350., 0. ], [ 650., 350., 0. ] ] }
