%YAML:1.0
standard_left_distcoeffs: !!opencv-matrix
   rows: 1
   cols: 5
   dt: d
   data: [ -3.4163321663332974e-01, 1.5879026012532249e-01,
       -3.2185965967786021e-04, 5.0766508981240277e-04,
       -4.1572878385245933e-02 ]
