%YAML:1.0
standard_right_intrinsic: !!opencv-matrix
   rows: 3
   cols: 3
   dt: d
   data: [ 1.7641178037442221e+03, 0., 1.4460003873896892e+03, 0.,
       1.7518417908777506e+03, 1.1455141750525374e+03, 0., 0., 1. ]
