%YAML:1.0
standard_right_distcoeffs: !!opencv-matrix
   rows: 1
   cols: 5
   dt: d
   data: [ -3.4323546100493268e-01, 1.6036114919432992e-01,
       -4.8265402956851854e-04, 5.6966816694246779e-05,
       -4.3718472005358638e-02 ]
