%YAML:1.0
image_width: 960
image_height: 950
camera_matrix: !!opencv-matrix
   rows: 3
   cols: 3
   dt: d
   data: [ 9.2451005613362190e+02, 0., 4.4800325070648898e+02, 0.,
       9.2329870022074090e+02, 5.5245856052919169e+02, 0., 0., 1. ]
distortion_coefficients: !!opencv-matrix
   rows: 1
   cols: 5
   dt: d
   data: [ -5.9668256653526142e-01, 5.0890511128766025e-01,
       -5.1468765476573664e-03, -6.3051361125710257e-03,
       -3.2488645530078658e-01 ]
