%YAML:1.0
standard_left_intrinsic: !!opencv-matrix
   rows: 3
   cols: 3
   dt: d
   data: [ 6.9956158245561471e+02, 0., 4.2556724099079548e+02, 0.,
       6.9906449128191821e+02, 5.4485403702099654e+02, 0., 0., 1. ]
