%YAML:1.0
standard_right_distcoeffs: !!opencv-matrix
   rows: 1
   cols: 5
   dt: d
   data: [ -2.6939066667990574e-01, 1.1068299511548259e-01,
       1.4850260585174888e-03, 1.1224783953739702e-03,
       -2.6741002118728801e-02 ]
