%YAML:1.0
standard_right_intrinsic: !!opencv-matrix
   rows: 3
   cols: 3
   dt: d
   data: [ 7.0165430999005787e+02, 0., 4.9518637859955464e+02, 0.,
       7.0172853004150465e+02, 5.4694555682064731e+02, 0., 0., 1. ]
