%YAML:1.0
standard_right_distcoeffs: !!opencv-matrix
   rows: 1
   cols: 5
   dt: d
   data: [ -2.7492261253247879e-01, 1.3705951347431239e-01,
       6.4049772509571146e-05, 3.5247458957993617e-04,
       -5.2634115065538521e-02 ]
