%YAML:1.0
standard_left_intrinsic: !!opencv-matrix
   rows: 3
   cols: 3
   dt: d
   data: [ 1.1182297480724217e+03, 0., 9.3164260086773731e+02, 0.,
       1.1264711177330375e+03, 5.5195815973163474e+02, 0., 0., 1. ]
