%YAML:1.0
image_width: 960
image_height: 950
camera_matrix: !!opencv-matrix
   rows: 3
   cols: 3
   dt: d
   data: [ 6.9447601292150819e+02, 0., 5.0322532545923895e+02, 0.,
       6.9440539133532639e+02, 5.4531070662996331e+02, 0., 0., 1. ]
distortion_coefficients: !!opencv-matrix
   rows: 1
   cols: 5
   dt: d
   data: [ -3.4048982032174757e-01, 1.6514890214093134e-01,
       -2.2737724149433702e-04, -2.7916082558565028e-04,
       -4.8979416839405453e-02 ]
