%YAML:1.0
R: !!opencv-matrix
   rows: 3
   cols: 3
   dt: d
   data: [ 9.9962045543121036e-01, 2.4858465986802281e-03,
       2.7436575044773960e-02, -2.3404274933871831e-03,
       9.9998305110291674e-01, -5.3310323624561192e-03,
       -2.7449362153752876e-02, 5.2647956835177390e-03,
       9.9960933091071280e-01 ]
T: !!opencv-matrix
   rows: 3
   cols: 1
   dt: d
   data: [ -2.2901509903295523e+00, 5.8895368847830445e-04,
       1.9206982405794881e-02 ]
R1: !!opencv-matrix
   rows: 3
   cols: 3
   dt: d
   data: [ 9.9981607397866723e-01, 2.1844513411345707e-03,
       1.9053776167000522e-02, -2.1339004436534935e-03,
       9.9999415077300735e-01, -2.6729924557441671e-03,
       -1.9059503739093448e-02, 2.6318419614606843e-03,
       9.9981488722918566e-01 ]
R2: !!opencv-matrix
   rows: 3
   cols: 3
   dt: d
   data: [ 9.9996479978862873e-01, -2.5715900814939465e-04,
       -8.3864803661699051e-03, 2.7940376696290335e-04,
       9.9999644602361482e-01, 2.6513908943939608e-03,
       8.3857687317641042e-03, -2.6536407790799274e-03,
       9.9996131778853969e-01 ]
P1: !!opencv-matrix
   rows: 3
   cols: 4
   dt: d
   data: [ -4.1776292645891835e+03, 0., 4.1933099822998047e+03, 0., 0.,
       -4.1776292645891835e+03, -2.8671308860778809e+03, 0., 0., 0., 1.,
       0. ]
P2: !!opencv-matrix
   rows: 3
   cols: 4
   dt: d
   data: [ -4.1776292645891835e+03, 0., 4.1933099822998047e+03,
       9.5677385839491380e+03, 0., -4.1776292645891835e+03,
       -2.8671308860778809e+03, 0., 0., 0., 1., 0. ]
Q: !!opencv-matrix
   rows: 4
   cols: 4
   dt: d
   data: [ 1., 0., 0., -4.1933099822998047e+03, 0., 1., 0.,
       2.8671308860778809e+03, 0., 0., 0., -4.1776292645891835e+03, 0.,
       0., 4.3663706192783996e-01, 0. ]
