%YAML:1.0
M1: !!opencv-matrix
   rows: 3
   cols: 3
   dt: d
   data: [ 7.0750911685793562e+02, 0., 4.3897914559184130e+02, 0.,
       7.0750911685793562e+02, 5.2863728042403272e+02, 0., 0., 1. ]
D1: !!opencv-matrix
   rows: 1
   cols: 12
   dt: d
   data: [ -3.4996630352443608e-01, 2.1834814759354526e-01, 0., 0., 0.,
       0., 0., 1.6727903852812798e-01, 0., 0., 0., 0. ]
M2: !!opencv-matrix
   rows: 3
   cols: 3
   dt: d
   data: [ 7.0750911685793562e+02, 0., 5.0057516204236106e+02, 0.,
       7.0750911685793562e+02, 5.2707699456371438e+02, 0., 0., 1. ]
D2: !!opencv-matrix
   rows: 1
   cols: 12
   dt: d
   data: [ -3.3930676845709234e-01, 1.4098707972982555e-01, 0., 0., 0.,
       0., 0., -2.7339425203165707e-02, 0., 0., 0., 0. ]
